function F = hfun_vit(T,h)
A_vit = [7.3816638e-2,1.2258630e-3,-1.3771901e-6,9.9686793e-10,-4.2051104e-13,1.0212913e-16,-1.3335668e-20,7.2678710e-25];
href_vit = 30.58153;
F = href_vit + A_vit(1)*T+A_vit(2)/2*T.^2+A_vit(3)/3*T.^3+A_vit(4)/4*T.^4+A_vit(5)/5*T.^5+A_vit(6)/6*T.^6+A_vit(7)/7*T.^7+A_vit(8)/8*T.^8-h;
end